1000 750 755 759
2000 214 214 214
3000 11 11 11
4000 209 210 210
5000 951 956 958
6000 206 206 206
7000 198 199 199
8000 190 192 194
9000 38 179 197
10000 8 9 11
11000 3 99 195
12000 6 6 6
13000 46 46 48
14000 44 106 148
15000 13 21 43
16000 18 764 849
17000 16 88 194
18000 22 41 57
19000 205 206 208
20000 202 203 206
21000 883 884 886
22000 853 855 857
23000 879 881 882
24000 872 888 893
25000 878 885 890
26000 843 846 847
27000 823 827 829
28000 257 269 295
29000 261 373 764
30000 822 825 828
31000 864 864 865
32000 897 898 899
33000 904 904 905
34000 907 912 918
35000 963 963 963
36000 918 918 919
37000 962 963 963
38000 842 843 845
39000 858 861 866
40000 885 957 965
41000 883 885 887
42000 885 887 889
43000 674 675 677
44000 858 859 859
45000 766 769 772
46000 800 806 812
47000 919 920 922
48000 933 935 938
49000 953 954 954
50000 950 950 950
51000 968 968 968
52000 967 967 968
53000 968 968 968
54000 966 967 967
55000 966 966 966
56000 966 966 966
57000 963 963 963
58000 963 964 964
59000 953 953 954
60000 963 963 963
61000 949 949 949
62000 956 957 957
63000 955 956 956
64000 955 955 955
65000 963 963 963
66000 917 918 919
67000 916 917 918
68000 901 901 902
69000 954 955 955
70000 933 934 934
71000 935 936 937
72000 966 966 966
73000 9 146 926
74000 959 961 964
75000 966 966 967
76000 961 963 964
77000 957 960 962
78000 968 968 968
79000 964 965 966
80000 964 964 964
81000 947 948 949
82000 962 963 963
83000 957 957 958
84000 962 962 962
85000 966 967 967
86000 969 969 969
87000 968 968 968
88000 969 969 969
89000 969 969 969
90000 967 968 968
91000 969 969 969
92000 967 968 969
93000 968 968 968
94000 968 968 968
95000 968 968 968
96000 968 968 969
97000 968 968 968
98000 966 966 966
99000 968 969 969
100000 958 958 959
101000 956 956 956
102000 956 957 958
103000 946 947 948
104000 937 938 939
105000 923 924 924
106000 965 965 965
107000 969 969 969
108000 965 965 965
109000 966 966 967
110000 964 964 964
111000 968 968 968
112000 962 962 963
113000 969 969 970
114000 962 962 962
115000 959 959 960
116000 955 955 955
117000 956 956 956
118000 962 962 962
119000 968 969 969
120000 963 963 963
121000 969 969 969
122000 968 968 968
123000 968 968 968
124000 969 969 969
125000 961 963 964
126000 969 969 969
127000 968 968 968
128000 967 967 967
129000 967 967 967
130000 968 968 968
131000 963 963 963
132000 965 965 966
133000 0 0 0
134000 0 0 0
135000 221 223 224
136000 225 226 228
137000 232 233 234
138000 254 259 264
139000 225 227 229
140000 218 219 220
141000 947 947 947
142000 943 943 943
143000 919 924 932
144000 958 958 959
145000 921 926 928
146000 804 889 905
147000 937 937 938
148000 948 949 950
149000 957 957 958
150000 954 955 956
151000 951 951 951
152000 962 962 963
153000 957 958 958
154000 963 963 963
155000 968 968 968
156000 966 966 967
157000 960 960 960
158000 958 959 959
159000 958 959 960
160000 954 961 966
161000 907 909 912
162000 754 773 815
163000 829 832 833
164000 816 817 818
165000 801 802 803
166000 883 890 896
167000 904 905 907
168000 907 908 909
169000 901 905 909
170000 884 884 884
171000 914 914 915
172000 940 942 954
173000 956 956 956
174000 950 950 951
175000 954 954 954
176000 961 961 962
177000 953 953 953
178000 964 964 965
179000 958 958 959
180000 964 965 965
181000 966 966 966
182000 966 966 967
183000 965 966 966
184000 965 965 965
185000 967 967 968
186000 968 968 968
187000 964 965 965
188000 956 964 968
189000 963 964 964
190000 963 964 964
191000 963 964 964
192000 965 965 965
193000 958 959 959
194000 962 963 963
195000 960 960 960
196000 955 955 956
197000 948 948 949
198000 966 966 966
199000 968 968 969
200000 966 966 967
201000 967 967 967
202000 968 968 968
203000 965 965 965
204000 968 968 968
205000 957 957 959
206000 965 965 966
207000 961 962 963
208000 963 963 964
209000 963 963 964
210000 960 960 960
211000 961 961 962
212000 959 960 960
213000 966 966 966
214000 968 968 968
215000 964 965 966
216000 961 961 961
217000 951 952 953
218000 963 964 964
219000 962 963 965
220000 960 961 961
221000 964 965 965
222000 962 964 965
223000 962 962 963
224000 966 966 966
225000 960 960 961
226000 957 958 958
227000 958 958 958
228000 965 966 968
229000 956 956 957
230000 963 964 964
231000 966 967 967
232000 952 953 954
233000 948 948 949
234000 950 950 951
235000 953 953 953
236000 955 955 955
237000 955 955 955
238000 953 953 953
239000 950 951 951
240000 949 950 950
241000 927 927 927
242000 958 959 959
243000 850 855 863
244000 940 941 942
245000 950 950 950
246000 953 953 953
247000 954 954 955
248000 956 956 956
249000 6 6 7
250000 955 955 956
251000 957 957 957
252000 957 957 957
253000 956 957 957
254000 959 960 960
255000 955 956 956
256000 957 957 958
257000 959 959 959
258000 962 962 962
259000 959 960 960
260000 962 962 963
261000 961 961 962
262000 969 969 969
263000 967 968 969
264000 968 969 969
265000 970 970 970
266000 970 970 970
267000 969 969 969
268000 969 969 969
269000 968 968 968
270000 968 968 968
271000 963 964 964
272000 968 968 968
273000 968 968 968
274000 966 967 967
275000 967 967 967
276000 965 965 965
277000 965 965 966
278000 965 965 965
279000 966 966 966
280000 966 967 967
281000 964 964 964
282000 965 966 966
283000 965 965 965
284000 966 966 966
285000 965 965 965
286000 963 964 964
287000 964 965 965
288000 963 963 963
289000 962 962 962
290000 966 966 966
291000 963 963 963
292000 961 961 961
293000 961 961 961
294000 960 960 960
295000 957 957 957
296000 957 958 958
297000 957 957 958
298000 959 959 959
299000 958 959 959
300000 953 953 953
