1000 5 5 5
2000 193 194 195
3000 192 193 193
4000 893 900 904
5000 242 246 248
6000 240 241 241
7000 15 131 237
8000 42 43 44
9000 274 276 279
10000 19 237 350
11000 317 318 320
12000 213 214 215
13000 208 209 211
14000 941 942 943
15000 950 951 951
16000 952 952 953
17000 142 791 948
18000 2 2 3
19000 968 968 969
20000 239 243 246
21000 29 30 31
22000 941 943 944
23000 922 922 922
24000 918 918 918
25000 913 919 959
26000 921 939 946
27000 918 941 963
28000 966 966 966
29000 962 963 963
30000 968 969 969
31000 963 963 964
32000 921 923 924
33000 926 931 934
34000 943 944 945
35000 946 946 946
36000 939 939 939
37000 920 920 920
38000 903 903 903
39000 881 881 882
40000 865 865 866
41000 903 904 905
42000 842 843 845
43000 819 821 823
44000 914 916 919
45000 959 960 960
46000 955 955 956
47000 951 951 952
48000 946 946 946
49000 944 944 945
50000 942 942 942
51000 945 945 945
52000 947 948 948
53000 947 948 948
54000 944 944 944
55000 948 948 948
56000 924 946 953
57000 956 957 958
58000 948 948 948
59000 964 964 964
60000 968 969 969
61000 965 965 965
62000 964 964 964
63000 847 943 968
64000 964 964 964
65000 967 967 967
66000 966 966 966
67000 965 966 966
68000 968 968 968
69000 966 966 966
70000 968 969 969
71000 969 969 969
72000 969 969 969
73000 969 969 970
74000 970 970 971
75000 956 957 957
76000 970 970 970
77000 967 967 967
78000 956 956 956
79000 950 952 953
80000 948 948 949
81000 954 954 954
82000 970 970 970
83000 970 970 970
84000 970 971 971
85000 973 973 973
86000 966 967 967
87000 968 969 971
88000 969 969 970
89000 946 947 948
90000 968 969 969
91000 970 971 971
92000 970 970 970
93000 970 970 971
94000 972 972 972
95000 967 967 967
96000 970 970 970
97000 969 970 970
98000 970 970 970
99000 971 971 971
100000 972 972 972
101000 970 971 971
102000 970 971 971
103000 971 971 971
104000 967 968 968
105000 972 972 972
106000 971 971 971
107000 970 970 971
108000 970 971 971
109000 971 971 971
110000 971 971 971
111000 970 970 971
112000 969 970 971
113000 971 971 971
114000 970 970 970
115000 972 972 972
116000 973 973 973
117000 967 969 971
118000 941 960 970
119000 971 972 972
120000 972 972 972
121000 971 971 971
122000 968 971 972
123000 968 969 970
124000 971 971 971
125000 970 970 970
126000 969 969 970
127000 970 971 972
128000 972 972 972
129000 971 971 971
130000 970 971 971
131000 970 971 972
132000 972 972 972
133000 969 971 972
134000 970 972 972
135000 972 972 972
136000 971 972 973
137000 971 971 971
138000 971 971 971
139000 972 972 972
140000 972 972 972
141000 972 972 972
142000 973 973 973
143000 971 972 973
144000 972 972 972
145000 972 972 972
146000 971 971 971
147000 972 972 972
148000 972 972 972
149000 971 972 972
150000 972 972 972
151000 972 972 972
152000 971 971 972
153000 970 970 970
154000 971 971 971
155000 972 972 972
156000 971 972 972
157000 972 973 973
158000 971 971 971
159000 973 973 973
160000 973 973 973
161000 973 973 973
162000 970 972 972
163000 973 973 973
164000 973 973 973
165000 972 972 972
166000 973 973 973
167000 973 973 973
168000 0 98 972
169000 0 0 0
170000 972 972 972
171000 972 972 972
172000 972 972 972
173000 972 972 972
174000 971 971 972
175000 971 971 971
176000 972 972 972
177000 973 973 973
178000 0 0 0
179000 972 972 972
180000 971 971 971
181000 971 971 972
182000 972 972 972
183000 973 973 973
184000 972 972 972
185000 0 874 971
186000 972 972 972
187000 971 971 971
188000 972 973 973
189000 972 972 972
190000 972 972 972
191000 971 971 971
192000 971 971 971
193000 971 971 971
194000 0 0 0
195000 972 973 973
196000 971 971 972
197000 972 972 972
198000 970 970 971
199000 972 972 972
200000 971 972 972
201000 972 972 972
202000 970 970 970
203000 970 970 970
204000 970 970 971
205000 970 971 971
206000 972 972 972
207000 971 971 972
208000 972 972 972
209000 972 972 972
210000 970 971 971
211000 970 971 971
212000 971 971 971
213000 971 971 971
214000 971 971 971
215000 971 971 971
216000 971 971 971
217000 970 970 971
218000 969 970 971
219000 971 971 971
220000 971 971 971
221000 947 960 971
222000 971 971 971
223000 971 971 971
224000 970 971 971
225000 971 971 971
226000 971 971 972
227000 971 971 971
228000 971 971 971
229000 971 971 971
230000 971 971 971
231000 970 970 971
232000 971 971 971
233000 970 970 970
234000 970 970 970
235000 969 969 969
236000 971 971 971
237000 971 971 971
238000 971 971 971
239000 971 971 971
240000 970 970 970
241000 970 971 971
242000 971 971 971
243000 969 971 971
244000 969 970 970
245000 970 970 970
246000 971 972 972
247000 970 970 970
248000 972 972 972
249000 971 971 971
250000 971 971 971
251000 972 972 972
252000 972 972 972
253000 972 972 972
254000 972 972 972
255000 972 972 972
256000 971 972 972
257000 972 972 972
258000 970 971 971
259000 972 972 972
260000 972 972 972
261000 972 972 972
262000 971 971 972
263000 972 972 972
264000 972 972 972
265000 972 972 972
266000 972 972 972
267000 972 972 972
268000 971 971 971
269000 972 972 972
270000 972 972 972
271000 972 972 972
272000 971 971 972
273000 972 972 972
274000 972 972 972
275000 971 971 971
276000 970 970 971
277000 971 972 972
278000 972 972 972
279000 970 970 971
280000 971 972 972
281000 972 972 972
282000 972 972 972
283000 971 971 971
284000 971 971 971
285000 970 970 970
286000 970 970 970
287000 971 971 971
288000 970 970 970
289000 968 969 970
290000 970 971 971
291000 971 972 972
292000 965 970 971
293000 970 970 971
294000 972 972 972
295000 971 971 971
296000 971 971 971
297000 972 972 972
298000 971 971 971
299000 969 970 970
300000 971 971 971
