1000 212 212 212
2000 332 336 344
3000 230 231 234
4000 8 8 8
5000 38 39 40
6000 413 460 544
7000 334 334 335
8000 288 289 289
9000 265 265 266
10000 34 34 34
11000 230 230 231
12000 257 258 258
13000 56 122 228
14000 510 511 511
15000 698 725 739
16000 449 449 450
17000 469 470 471
18000 550 550 552
19000 611 611 612
20000 630 631 631
21000 786 796 800
22000 900 903 915
23000 692 701 716
24000 523 525 527
25000 971 971 971
26000 947 948 948
27000 949 949 949
28000 970 970 970
29000 970 970 970
30000 949 950 950
31000 969 969 969
32000 972 972 972
33000 964 964 965
34000 967 967 967
35000 942 942 942
36000 967 968 968
37000 966 966 966
38000 968 968 968
39000 965 965 965
40000 964 964 964
41000 967 967 968
42000 968 968 968
43000 971 971 971
44000 966 966 967
45000 962 962 962
46000 968 968 968
47000 963 963 963
48000 970 970 970
49000 961 962 962
50000 970 970 970
51000 962 962 963
52000 966 966 966
53000 944 944 944
54000 0 0 0
55000 963 963 963
56000 968 968 968
57000 966 966 966
58000 966 966 966
59000 970 970 971
60000 969 969 969
61000 965 965 965
62000 968 968 968
63000 964 964 964
64000 967 968 968
65000 947 948 948
66000 964 964 964
67000 968 968 968
68000 964 964 964
69000 966 966 966
70000 969 970 970
71000 972 972 972
72000 971 971 971
73000 971 971 971
74000 971 971 972
75000 969 969 969
76000 969 969 969
77000 969 970 970
78000 970 970 970
79000 970 971 971
80000 972 972 972
81000 971 972 972
82000 969 970 970
83000 971 971 971
84000 970 970 971
85000 970 970 970
86000 971 971 972
87000 971 971 971
88000 972 972 972
89000 970 970 971
90000 970 970 970
91000 971 971 971
92000 970 970 970
93000 971 971 971
94000 964 965 965
95000 971 971 971
96000 971 971 971
97000 969 969 970
98000 968 968 969
99000 971 972 972
100000 968 968 968
101000 971 971 972
102000 971 971 971
103000 971 971 972
104000 965 966 966
105000 971 971 971
106000 965 965 965
107000 972 972 972
108000 970 970 970
109000 971 971 971
110000 971 971 971
111000 972 972 972
112000 972 972 972
113000 972 972 972
114000 970 970 971
115000 972 972 972
116000 971 971 971
117000 952 952 953
118000 969 970 970
119000 968 968 968
120000 970 970 971
121000 972 972 972
122000 970 970 971
123000 972 972 972
124000 972 973 973
125000 971 971 971
126000 971 971 971
127000 972 972 972
128000 972 972 972
129000 972 972 972
130000 972 972 972
131000 972 972 972
132000 971 972 972
133000 971 971 971
134000 973 973 973
135000 971 971 971
136000 970 970 970
137000 972 972 972
138000 969 970 970
139000 972 972 972
140000 971 971 972
141000 971 972 972
142000 971 971 971
143000 972 972 972
144000 972 972 972
145000 972 972 972
146000 972 972 972
147000 972 972 972
148000 968 968 968
149000 972 972 973
150000 971 971 971
151000 971 971 971
152000 971 972 972
153000 972 972 972
154000 972 972 973
155000 972 972 972
156000 971 971 971
157000 970 970 971
158000 971 971 971
159000 972 972 972
160000 972 972 972
161000 972 972 972
162000 972 972 972
163000 972 972 972
164000 970 970 970
165000 971 971 972
166000 972 972 972
167000 971 971 971
168000 971 971 971
169000 972 972 972
170000 970 970 970
171000 970 970 971
172000 971 971 971
173000 973 973 973
174000 972 972 972
175000 972 972 973
176000 969 969 969
177000 972 973 973
178000 972 972 972
179000 972 972 972
180000 972 972 972
181000 972 972 972
182000 971 971 971
183000 972 972 972
184000 971 971 971
185000 971 971 971
186000 971 971 971
187000 972 972 972
188000 971 971 972
189000 972 972 972
190000 971 971 971
191000 972 972 972
192000 972 972 972
193000 972 972 972
194000 972 972 972
195000 972 972 972
196000 971 971 971
197000 968 968 969
198000 972 972 972
199000 972 972 972
200000 972 972 972
201000 968 968 968
202000 970 970 970
203000 972 972 972
204000 972 972 972
205000 973 973 973
206000 972 972 972
207000 971 971 971
208000 971 972 972
209000 971 971 971
210000 969 969 969
211000 972 972 972
212000 973 973 973
213000 971 971 971
214000 972 972 973
215000 972 972 972
216000 969 970 970
217000 969 969 970
218000 972 972 972
219000 967 968 968
220000 971 971 971
221000 972 972 972
222000 972 972 972
223000 972 972 972
224000 972 972 972
225000 971 971 971
226000 972 972 972
227000 971 971 971
228000 972 972 972
229000 973 973 973
230000 972 972 972
231000 973 973 973
232000 972 972 973
233000 972 972 972
234000 972 972 972
235000 972 972 972
236000 972 972 972
237000 972 973 973
238000 972 972 973
239000 972 972 972
240000 972 972 973
241000 972 972 972
242000 969 970 970
243000 972 972 972
244000 971 971 971
245000 972 972 972
246000 972 973 973
247000 972 972 972
248000 972 972 972
249000 971 971 972
250000 972 972 972
251000 968 968 968
252000 972 972 973
253000 969 969 969
254000 972 972 972
255000 972 972 972
256000 973 973 973
257000 972 972 972
258000 972 972 972
259000 972 972 972
260000 973 973 973
261000 972 972 972
262000 972 973 973
263000 973 973 973
264000 973 973 973
265000 973 973 973
266000 972 972 972
267000 972 972 972
268000 972 972 972
269000 972 973 973
270000 973 973 973
271000 972 972 972
272000 972 973 973
273000 972 972 972
274000 972 973 973
275000 973 973 973
276000 973 973 973
277000 972 972 972
278000 970 970 970
279000 973 973 973
280000 973 973 973
281000 972 972 973
282000 972 972 972
283000 971 971 971
284000 972 972 972
285000 973 973 973
286000 972 973 973
287000 973 973 973
288000 968 968 968
289000 971 971 971
290000 972 972 972
291000 972 973 973
292000 972 972 972
293000 972 972 972
294000 972 972 972
295000 972 972 972
296000 973 973 973
297000 972 972 972
298000 967 969 972
299000 973 973 973
300000 967 968 968
