1000 18 18 18
2000 253 254 254
3000 6 6 6
4000 310 310 310
5000 245 245 246
6000 223 224 225
7000 215 215 215
8000 225 225 225
9000 199 200 200
10000 210 210 210
11000 201 201 202
12000 205 205 205
13000 204 204 205
14000 211 211 211
15000 215 215 215
16000 222 222 222
17000 230 230 230
18000 283 284 285
19000 239 240 240
20000 250 252 253
21000 233 233 234
22000 290 298 330
23000 223 227 235
24000 16 17 17
25000 242 242 242
26000 13 13 14
27000 282 285 289
28000 11 12 12
29000 319 320 321
30000 19 25 73
31000 23 24 25
32000 23 159 252
33000 187 188 190
34000 256 262 269
35000 218 220 221
36000 239 241 242
37000 268 273 285
38000 241 242 243
39000 235 236 237
40000 278 278 278
41000 249 249 250
42000 279 279 280
43000 288 288 288
44000 272 272 272
45000 260 260 260
46000 243 244 244
47000 266 267 268
48000 262 262 262
49000 260 262 263
50000 234 234 234
51000 266 267 267
52000 231 231 231
53000 234 236 237
54000 240 241 242
55000 234 234 234
56000 243 244 247
57000 278 470 911
58000 271 274 277
59000 266 273 275
60000 246 246 246
61000 275 275 275
62000 638 642 646
63000 499 511 517
64000 433 445 452
65000 566 574 587
66000 134 417 556
67000 511 521 552
68000 933 933 934
69000 964 964 964
70000 84 85 87
71000 59 240 528
72000 407 408 408
73000 316 316 316
74000 346 346 346
75000 333 334 334
76000 338 338 338
77000 436 437 439
78000 427 428 428
79000 427 428 431
80000 637 639 641
81000 863 872 882
82000 348 351 357
83000 310 311 315
84000 928 929 929
85000 761 762 764
86000 789 790 792
87000 820 821 822
88000 827 827 828
89000 952 952 952
90000 840 840 840
91000 952 953 953
92000 952 952 952
93000 961 961 961
94000 957 957 958
95000 966 966 966
96000 959 959 959
97000 958 959 959
98000 955 955 955
99000 953 953 953
100000 958 958 958
101000 959 959 959
102000 956 956 956
103000 956 956 957
104000 950 950 950
105000 969 969 970
106000 970 970 970
107000 967 967 967
108000 956 956 956
109000 967 967 967
110000 958 958 958
111000 965 965 965
112000 963 963 963
113000 967 967 967
114000 968 968 968
115000 963 964 964
116000 967 967 967
117000 950 950 950
118000 970 970 970
119000 953 953 953
120000 959 959 959
121000 962 962 963
122000 965 965 965
123000 964 965 965
124000 969 969 969
125000 962 963 963
126000 970 970 970
127000 968 969 969
128000 968 968 968
129000 966 966 966
130000 967 967 967
131000 964 965 965
132000 966 966 966
133000 0 675 964
134000 971 971 971
135000 971 971 971
136000 966 967 971
137000 0 0 0
138000 971 972 972
139000 965 965 965
140000 971 971 971
141000 971 971 971
142000 972 972 972
143000 971 971 971
144000 971 972 972
145000 971 971 971
146000 971 971 971
147000 971 971 971
148000 966 966 966
149000 972 972 972
150000 971 971 971
151000 971 971 971
152000 972 972 972
153000 970 971 971
154000 972 972 972
155000 971 971 971
156000 971 971 971
157000 971 971 971
158000 969 969 970
159000 971 971 971
160000 969 969 969
161000 971 971 971
162000 971 971 971
163000 972 972 972
164000 972 972 972
165000 972 972 972
166000 0 0 0
167000 972 972 972
168000 971 971 971
169000 971 971 971
170000 972 972 972
171000 971 971 971
172000 972 972 972
173000 971 971 972
174000 971 971 971
175000 972 972 972
176000 971 972 972
177000 972 972 972
178000 972 972 972
179000 971 971 972
180000 971 971 971
181000 972 972 972
182000 971 971 971
183000 971 972 972
184000 0 0 0
185000 972 972 972
186000 971 971 972
187000 962 962 962
188000 971 971 971
189000 945 945 946
190000 970 970 970
191000 971 971 971
192000 972 972 972
193000 970 970 970
194000 971 971 971
195000 968 968 969
196000 971 971 971
197000 972 972 972
198000 972 972 972
199000 971 971 972
200000 970 970 970
201000 971 971 971
202000 968 968 969
203000 971 971 971
204000 970 970 970
205000 969 970 970
206000 967 968 968
207000 938 938 939
208000 969 969 969
209000 969 969 969
210000 971 971 971
211000 968 968 968
212000 970 970 970
213000 970 970 970
214000 969 969 969
215000 944 944 944
216000 971 971 971
217000 935 936 936
218000 969 969 969
219000 949 949 949
220000 971 971 971
221000 968 968 968
222000 970 970 970
223000 969 969 969
224000 969 969 969
225000 970 970 970
226000 968 968 968
227000 969 970 970
228000 970 971 971
229000 970 970 970
230000 968 968 968
231000 969 969 969
232000 968 968 968
233000 969 969 969
234000 970 970 970
235000 967 967 967
236000 967 967 967
237000 967 967 967
238000 971 971 971
239000 968 968 968
240000 967 967 967
241000 968 968 968
242000 971 971 971
243000 970 970 970
244000 967 967 967
245000 970 970 970
246000 970 970 971
247000 969 969 969
248000 972 972 972
249000 970 970 970
250000 969 969 969
251000 970 970 970
252000 970 970 970
253000 970 970 970
254000 970 970 970
255000 970 970 970
256000 968 969 969
257000 969 969 969
258000 968 968 968
259000 969 969 969
260000 967 967 967
261000 968 968 968
262000 969 969 969
263000 969 970 971
264000 969 969 969
265000 969 969 969
266000 969 969 970
267000 971 971 971
268000 954 954 954
269000 963 963 964
270000 972 972 972
271000 971 971 971
272000 967 967 967
273000 969 969 969
274000 967 967 967
275000 968 968 968
276000 967 967 968
277000 968 968 968
278000 970 970 970
279000 967 967 967
280000 970 970 970
281000 971 971 971
282000 972 972 972
283000 969 969 969
284000 969 969 969
285000 971 971 971
286000 971 971 971
287000 970 970 970
288000 969 969 969
289000 969 969 969
290000 970 970 970
291000 963 963 963
292000 968 969 969
293000 970 970 970
294000 934 934 934
295000 962 962 962
296000 972 972 972
297000 970 970 970
298000 968 968 969
299000 964 964 965
300000 972 972 972
