1000 0 0 0
2000 0 0 0
3000 0 0 0
4000 0 0 0
5000 241 247 251
6000 220 221 222
7000 337 338 339
8000 337 337 339
9000 15 16 16
10000 394 395 397
11000 549 549 550
12000 19 85 671
13000 606 621 642
14000 501 509 513
15000 433 434 436
16000 494 505 512
17000 536 538 540
18000 769 780 783
19000 814 815 815
20000 924 945 950
21000 945 945 946
22000 938 938 939
23000 938 938 938
24000 925 926 926
25000 918 919 919
26000 911 911 911
27000 889 897 914
28000 924 924 924
29000 936 936 936
30000 920 921 921
31000 905 905 906
32000 944 944 944
33000 921 921 921
34000 967 968 968
35000 925 925 926
36000 922 923 923
37000 934 934 935
38000 964 965 965
39000 964 964 964
40000 966 967 967
41000 968 968 968
42000 944 944 944
43000 964 964 964
44000 960 960 961
45000 969 969 969
46000 946 947 947
47000 971 971 971
48000 940 941 941
49000 968 968 969
50000 970 970 970
51000 958 961 962
52000 966 966 966
53000 967 967 968
54000 965 965 965
55000 968 968 968
56000 959 959 959
57000 966 967 967
58000 969 969 969
59000 971 971 971
60000 953 953 953
61000 970 970 970
62000 951 951 951
63000 970 970 970
64000 971 971 971
65000 963 964 964
66000 970 970 970
67000 970 970 970
68000 955 955 955
69000 965 965 965
70000 949 949 949
71000 956 956 956
72000 971 971 971
73000 968 968 969
74000 970 970 970
75000 964 964 964
76000 964 964 964
77000 968 968 968
78000 970 970 970
79000 971 971 971
80000 961 961 961
81000 957 957 957
82000 933 935 935
83000 965 965 965
84000 963 964 964
85000 930 944 957
86000 966 966 966
87000 966 968 968
88000 969 969 969
89000 962 962 962
90000 960 960 960
91000 957 957 958
92000 961 961 962
93000 962 962 962
94000 966 966 966
95000 961 962 962
96000 953 953 953
97000 959 959 959
98000 964 964 964
99000 969 969 970
100000 964 964 964
101000 965 965 965
102000 914 914 914
103000 964 964 965
104000 961 961 961
105000 971 971 971
106000 965 965 965
107000 963 963 963
108000 961 961 961
109000 963 963 963
110000 924 924 924
111000 956 956 956
112000 963 964 964
113000 960 960 960
114000 964 964 964
115000 954 954 954
116000 967 967 967
117000 963 963 963
118000 963 963 963
119000 958 958 958
120000 962 962 962
121000 968 968 968
122000 941 941 941
123000 966 966 966
124000 970 970 970
125000 964 964 964
126000 970 970 970
127000 967 968 968
128000 965 965 965
129000 968 968 968
130000 960 960 960
131000 970 970 971
132000 968 968 968
133000 965 965 965
134000 971 971 971
135000 967 967 967
136000 963 964 964
137000 968 968 968
138000 963 963 963
139000 955 956 956
140000 943 943 943
141000 966 966 966
142000 968 968 968
143000 961 961 961
144000 966 966 966
145000 966 966 966
146000 969 969 969
147000 967 967 967
148000 962 962 962
149000 967 968 968
150000 969 969 969
151000 967 967 967
152000 971 971 971
153000 971 971 971
154000 967 967 967
155000 966 966 966
156000 966 966 966
157000 964 964 964
158000 968 968 969
159000 967 967 967
160000 964 964 964
161000 964 964 964
162000 970 970 970
163000 964 964 965
164000 965 965 965
165000 968 968 968
166000 965 965 965
167000 965 965 965
168000 961 961 961
169000 971 971 971
170000 963 963 963
171000 964 964 964
172000 969 969 969
173000 932 932 932
174000 966 966 966
175000 966 966 966
176000 966 966 966
177000 969 969 969
178000 968 968 968
179000 966 966 966
180000 966 967 967
181000 968 968 968
182000 970 970 970
183000 967 967 967
184000 965 965 965
185000 967 967 967
186000 966 966 966
187000 966 966 967
188000 966 966 966
189000 966 966 966
190000 965 965 965
191000 965 965 965
192000 969 969 969
193000 963 963 964
194000 931 931 931
195000 967 967 967
196000 966 966 966
197000 966 967 967
198000 962 962 963
199000 962 962 963
200000 968 968 968
201000 962 962 963
202000 965 965 965
203000 963 963 963
204000 964 964 964
205000 962 962 963
206000 962 962 962
207000 965 965 965
208000 967 968 968
209000 966 966 966
210000 966 967 967
211000 970 970 970
212000 967 967 967
213000 969 969 969
214000 968 968 969
215000 966 966 967
216000 966 966 966
217000 967 967 967
218000 971 971 971
219000 969 969 969
220000 969 970 970
221000 969 969 969
222000 968 968 968
223000 968 968 968
224000 966 966 966
225000 967 967 967
226000 970 970 971
227000 970 970 970
228000 970 970 970
229000 970 970 970
230000 970 970 970
231000 969 970 970
232000 969 969 969
233000 970 970 970
234000 970 970 970
235000 971 971 971
236000 969 969 969
237000 971 971 971
238000 969 970 970
239000 971 971 971
240000 971 971 971
241000 0 0 0
242000 971 971 971
243000 970 970 970
244000 970 971 971
245000 968 968 968
246000 970 970 970
247000 971 971 971
248000 971 971 971
249000 971 971 971
250000 970 970 970
251000 971 971 971
252000 970 970 970
253000 971 971 972
254000 971 971 971
255000 971 971 971
256000 971 971 971
257000 968 968 968
258000 0 484 968
259000 968 969 969
260000 970 970 970
261000 971 971 971
262000 971 971 971
263000 970 970 970
264000 0 874 971
265000 970 970 970
266000 971 971 971
267000 971 971 971
268000 971 971 971
269000 971 971 971
270000 969 969 969
271000 970 970 970
272000 970 970 970
273000 971 971 971
274000 971 971 971
275000 971 971 971
276000 968 968 968
277000 970 970 970
278000 970 970 970
279000 971 971 971
280000 971 971 971
281000 971 971 971
282000 971 971 971
283000 967 968 968
284000 970 970 970
285000 971 971 971
286000 968 968 968
287000 969 969 969
288000 971 971 971
289000 971 971 971
290000 971 971 971
291000 971 971 971
292000 971 971 971
293000 971 971 971
294000 971 971 971
295000 971 971 971
296000 971 971 971
297000 971 971 971
298000 971 971 971
299000 971 972 972
300000 969 969 969
