1000 202 203 204
2000 222 252 436
3000 10 10 11
4000 237 247 255
5000 209 212 214
6000 210 210 210
7000 203 203 203
8000 205 205 205
9000 214 215 216
10000 206 207 207
11000 206 206 207
12000 207 208 208
13000 207 207 208
14000 212 212 212
15000 22 26 34
16000 27 57 87
17000 366 372 382
18000 926 928 929
19000 15 112 465
20000 227 771 852
21000 810 864 915
22000 394 740 970
23000 34 36 43
24000 897 897 897
25000 920 921 921
26000 928 928 928
27000 901 902 902
28000 859 871 874
29000 947 947 947
30000 865 865 866
31000 755 757 758
32000 847 848 848
33000 837 837 838
34000 969 969 969
35000 945 959 964
36000 964 965 965
37000 917 917 918
38000 951 952 952
39000 955 955 956
40000 930 934 936
41000 792 810 829
42000 819 821 823
43000 755 757 759
44000 833 834 835
45000 896 898 899
46000 921 929 933
47000 932 934 935
48000 904 906 908
49000 915 918 921
50000 929 933 936
51000 932 934 937
52000 966 966 967
53000 14 389 961
54000 962 962 962
55000 926 929 931
56000 7 7 8
57000 959 960 961
58000 963 965 966
59000 43 790 902
60000 959 959 960
61000 960 966 968
62000 955 955 956
63000 955 956 956
64000 955 955 955
65000 959 959 959
66000 926 927 930
67000 947 948 948
68000 966 967 967
69000 970 970 970
70000 965 966 966
71000 970 971 971
72000 971 971 972
73000 970 970 971
74000 968 970 972
75000 971 971 971
76000 970 971 971
77000 970 970 971
78000 948 949 952
79000 970 971 971
80000 970 970 970
81000 971 971 972
82000 970 970 971
83000 972 972 972
84000 969 969 970
85000 971 971 972
86000 971 971 971
87000 970 970 970
88000 971 971 971
89000 969 969 969
90000 968 968 968
91000 969 969 969
92000 970 970 970
93000 940 941 942
94000 966 966 967
95000 964 965 965
96000 964 964 965
97000 965 966 966
98000 969 969 969
99000 969 969 969
100000 967 967 968
101000 967 967 967
102000 970 970 970
103000 920 921 922
104000 966 966 966
105000 918 918 918
106000 969 969 970
107000 971 971 971
108000 915 915 916
109000 968 968 969
110000 971 971 971
111000 970 970 970
112000 971 971 971
113000 970 970 970
114000 970 970 971
115000 971 971 971
116000 967 967 967
117000 971 971 971
118000 968 968 968
119000 971 971 971
120000 970 971 971
121000 968 968 968
122000 967 967 967
123000 970 970 970
124000 919 922 925
125000 969 969 969
126000 970 971 971
127000 969 969 970
128000 969 969 969
129000 968 968 968
130000 969 969 969
131000 969 969 969
132000 970 970 970
133000 970 970 970
134000 970 970 970
135000 969 969 969
136000 968 968 968
137000 970 970 970
138000 971 971 971
139000 969 969 969
140000 945 946 947
141000 970 970 970
142000 970 970 970
143000 970 970 970
144000 970 970 970
145000 968 968 968
146000 969 969 970
147000 970 970 970
148000 970 970 971
149000 970 970 970
150000 969 970 970
151000 969 969 969
152000 970 971 971
153000 970 970 970
154000 969 969 969
155000 969 970 970
156000 970 970 970
157000 970 970 970
158000 971 971 971
159000 970 970 970
160000 965 965 965
161000 970 970 970
162000 970 970 970
163000 933 944 969
164000 970 970 970
165000 970 970 970
166000 971 971 971
167000 971 971 971
168000 970 970 970
169000 970 970 970
170000 970 970 970
171000 969 969 969
172000 972 972 972
173000 970 970 970
174000 971 971 971
175000 970 971 971
176000 971 971 971
177000 971 971 971
178000 970 970 971
179000 970 970 970
180000 968 968 968
181000 971 971 971
182000 972 972 972
183000 970 970 970
184000 970 971 971
185000 971 972 972
186000 971 971 971
187000 971 971 971
188000 971 971 971
189000 970 971 971
190000 971 971 971
191000 971 971 971
192000 971 971 972
193000 971 971 971
194000 971 971 971
195000 971 971 972
196000 971 971 971
197000 970 971 971
198000 971 971 971
199000 970 970 970
200000 971 971 971
201000 972 972 972
202000 972 972 972
203000 971 972 972
204000 971 971 971
205000 972 972 972
206000 971 971 971
207000 971 972 972
208000 971 971 971
209000 970 970 970
210000 971 972 972
211000 970 970 970
212000 971 971 971
213000 970 970 970
214000 970 970 970
215000 970 970 970
216000 971 971 971
217000 971 971 971
218000 970 971 971
219000 972 972 972
220000 970 970 971
221000 971 971 972
222000 970 970 970
223000 971 971 971
224000 971 971 971
225000 971 971 972
226000 971 971 971
227000 970 970 970
228000 971 971 971
229000 971 971 971
230000 970 970 970
231000 970 970 970
232000 970 970 971
233000 972 972 972
234000 972 972 972
235000 972 972 972
236000 971 971 971
237000 970 970 971
238000 970 971 971
239000 971 971 971
240000 972 972 972
241000 972 972 972
242000 971 971 972
243000 969 969 970
244000 970 970 971
245000 971 971 971
246000 970 970 971
247000 972 972 972
248000 971 971 971
249000 970 970 970
250000 971 972 972
251000 971 971 972
252000 972 972 972
253000 971 971 971
254000 971 971 971
255000 971 972 972
256000 971 971 971
257000 972 972 972
258000 970 970 971
259000 971 971 971
260000 968 969 969
261000 971 971 971
262000 972 972 972
263000 971 972 972
264000 970 971 971
265000 971 971 971
266000 971 972 972
267000 970 971 971
268000 969 970 970
269000 969 969 969
270000 972 972 972
271000 971 971 971
272000 971 971 971
273000 971 972 972
274000 970 970 971
275000 972 972 972
276000 971 971 971
277000 971 971 971
278000 971 971 971
279000 970 970 971
280000 970 970 970
281000 970 970 970
282000 971 972 972
283000 972 972 972
284000 972 972 972
285000 972 972 972
286000 971 971 971
287000 972 972 972
288000 971 971 971
289000 972 972 972
290000 971 971 972
291000 970 970 970
292000 1 1 1
293000 971 971 971
294000 0 1 1
295000 969 969 970
296000 970 971 971
297000 970 970 970
298000 971 971 971
299000 969 969 969
300000 970 970 970
