1000 0 0 0
2000 0 0 0
3000 0 0 0
4000 0 0 0
5000 3 3 3
6000 71 98 137
7000 25 26 26
8000 215 217 219
9000 205 205 206
10000 193 193 194
11000 207 210 212
12000 26 28 31
13000 35 135 233
14000 17 17 18
15000 219 220 220
16000 227 229 232
17000 205 205 205
18000 258 258 259
19000 280 281 283
20000 298 298 299
21000 378 382 386
22000 442 444 446
23000 302 303 303
24000 470 634 671
25000 315 316 317
26000 588 606 642
27000 514 515 516
28000 560 561 561
29000 486 487 487
30000 515 517 519
31000 544 551 556
32000 732 761 770
33000 898 898 899
34000 801 802 803
35000 907 908 908
36000 393 393 393
37000 911 911 911
38000 931 931 932
39000 469 471 475
40000 941 941 941
41000 929 929 929
42000 608 901 934
43000 929 929 929
44000 937 937 937
45000 544 551 557
46000 524 526 527
47000 910 948 953
48000 936 937 937
49000 577 577 577
50000 947 947 947
51000 937 937 937
52000 929 929 929
53000 937 937 937
54000 933 933 934
55000 951 951 951
56000 936 936 936
57000 930 930 930
58000 931 931 931
59000 929 929 929
60000 934 934 934
61000 930 930 931
62000 933 933 933
63000 901 902 902
64000 927 927 927
65000 927 927 927
66000 939 939 939
67000 939 939 939
68000 931 931 931
69000 929 929 929
70000 927 927 927
71000 926 927 927
72000 934 934 934
73000 923 923 923
74000 889 889 890
75000 928 928 929
76000 929 930 930
77000 929 929 929
78000 928 928 929
79000 927 927 927
80000 928 928 928
81000 927 927 927
82000 931 931 931
83000 932 932 932
84000 930 930 931
85000 930 930 930
86000 926 926 926
87000 934 934 934
88000 929 929 929
89000 933 933 933
90000 931 931 931
91000 931 931 931
92000 937 937 937
93000 930 930 930
94000 932 932 932
95000 930 930 930
96000 933 933 933
97000 930 930 930
98000 931 931 931
99000 934 934 934
100000 934 934 934
101000 934 934 934
102000 936 936 936
103000 935 935 936
104000 930 930 931
105000 933 933 933
106000 932 932 932
107000 931 931 931
108000 933 933 934
109000 934 934 934
110000 936 936 936
111000 934 935 935
112000 936 936 936
113000 932 932 932
114000 933 933 933
115000 934 935 935
116000 933 933 933
117000 934 934 934
118000 934 934 934
119000 936 936 936
120000 932 932 932
121000 934 934 934
122000 937 937 937
123000 937 937 937
124000 931 931 931
125000 935 935 936
126000 934 934 934
127000 933 933 933
128000 934 934 934
129000 932 932 932
130000 933 933 933
131000 932 932 932
132000 935 935 935
133000 934 934 934
134000 934 934 934
135000 936 936 936
136000 935 935 935
137000 934 934 934
138000 933 933 933
139000 931 931 931
140000 934 934 934
141000 937 937 937
142000 932 932 932
143000 934 934 934
144000 934 934 934
145000 935 935 935
146000 937 937 937
147000 935 935 935
148000 935 935 935
149000 935 935 935
150000 934 934 934
151000 933 933 933
152000 934 934 934
153000 934 934 934
154000 933 933 933
155000 936 936 936
156000 933 933 933
157000 932 932 932
158000 933 933 933
159000 935 935 935
160000 934 934 934
161000 934 934 934
162000 933 933 933
163000 935 935 935
164000 934 935 935
165000 934 934 934
166000 933 933 933
167000 932 932 932
168000 933 933 933
169000 932 932 932
170000 934 934 934
171000 935 935 935
172000 932 933 933
173000 935 935 935
174000 935 935 935
175000 950 950 950
176000 934 934 934
177000 948 948 948
178000 935 935 935
179000 935 935 935
180000 934 934 934
181000 935 935 935
182000 932 932 932
183000 936 936 936
184000 935 935 935
185000 937 937 937
186000 935 935 935
187000 935 935 935
188000 951 951 951
189000 949 949 949
190000 949 949 949
191000 935 935 935
192000 935 935 935
193000 934 934 934
194000 932 932 932
195000 934 934 934
196000 934 934 934
197000 932 932 932
198000 949 949 949
199000 932 932 932
200000 934 934 934
201000 934 934 934
202000 936 936 936
203000 936 937 937
204000 946 946 946
205000 947 947 947
206000 937 937 937
207000 936 937 937
208000 937 937 937
209000 937 937 938
210000 894 895 895
211000 937 937 937
212000 950 950 950
213000 949 949 949
214000 935 935 935
215000 935 935 935
216000 936 936 937
217000 938 938 938
218000 936 936 936
219000 936 936 936
220000 937 937 937
221000 938 938 938
222000 937 937 937
223000 936 936 937
224000 953 953 953
225000 938 938 938
226000 937 937 937
227000 939 939 939
228000 936 936 936
229000 935 935 935
230000 937 937 937
231000 937 937 937
232000 937 937 937
233000 935 935 935
234000 938 938 938
235000 938 938 938
236000 937 937 937
237000 937 937 938
238000 938 938 938
239000 937 937 937
240000 933 934 934
241000 937 937 937
242000 936 936 936
243000 937 937 937
244000 937 937 937
245000 937 937 937
246000 937 937 937
247000 937 937 938
248000 938 938 938
249000 939 939 939
250000 937 937 937
251000 936 936 936
252000 935 935 935
253000 936 936 936
254000 936 936 936
255000 939 939 939
256000 937 937 937
257000 936 936 936
258000 938 938 938
259000 939 939 939
260000 939 939 939
261000 938 939 939
262000 938 938 938
263000 938 939 939
264000 939 939 939
265000 939 939 939
266000 939 939 939
267000 941 941 941
268000 940 940 940
269000 939 939 939
270000 940 940 940
271000 940 940 941
272000 940 940 940
273000 939 939 939
274000 940 940 940
275000 937 937 937
276000 940 940 940
277000 939 939 939
278000 939 939 939
279000 939 939 939
280000 940 940 940
281000 933 933 933
282000 939 939 939
283000 941 941 941
284000 939 939 940
285000 941 941 941
286000 941 941 941
287000 941 941 941
288000 942 942 942
289000 940 940 940
290000 940 940 940
291000 942 942 942
292000 941 941 941
293000 945 945 945
294000 939 939 940
295000 942 942 942
296000 942 942 942
297000 941 941 941
298000 941 941 941
299000 939 940 940
300000 940 940 940
