1000 4 4 4
2000 2 2 2
3000 79 79 79
4000 4 5 5
5000 7 7 8
6000 433 434 436
7000 20 25 31
8000 33 34 34
9000 5 5 5
10000 24 24 24
11000 24 24 24
12000 16 16 17
13000 29 29 29
14000 15 15 15
15000 225 225 226
16000 236 236 236
17000 13 13 14
18000 285 304 345
19000 338 339 340
20000 440 453 484
21000 3 4 4
22000 636 646 659
23000 576 578 581
24000 325 326 327
25000 532 535 536
26000 305 306 307
27000 495 496 496
28000 409 409 410
29000 454 456 463
30000 746 773 789
31000 429 730 763
32000 797 797 798
33000 764 765 767
34000 685 712 730
35000 922 922 923
36000 784 798 811
37000 969 969 969
38000 967 968 968
39000 965 965 966
40000 967 968 968
41000 968 968 968
42000 466 468 468
43000 970 970 970
44000 969 969 969
45000 970 970 971
46000 969 970 970
47000 965 965 966
48000 969 969 969
49000 969 969 969
50000 968 968 968
51000 968 968 968
52000 968 968 968
53000 968 968 968
54000 970 970 970
55000 969 969 970
56000 969 969 969
57000 970 970 971
58000 968 968 968
59000 970 970 970
60000 966 966 966
61000 971 971 971
62000 970 970 970
63000 971 971 971
64000 970 970 970
65000 970 970 970
66000 971 971 971
67000 969 969 969
68000 971 971 971
69000 968 968 968
70000 967 967 967
71000 968 968 969
72000 968 968 968
73000 968 968 968
74000 964 964 964
75000 947 947 948
76000 969 969 969
77000 967 967 968
78000 967 967 967
79000 969 969 969
80000 971 971 971
81000 969 970 970
82000 943 943 944
83000 946 947 948
84000 970 971 971
85000 970 970 970
86000 970 970 970
87000 970 970 971
88000 946 946 947
89000 971 971 971
90000 971 971 971
91000 970 970 970
92000 969 969 969
93000 970 970 970
94000 969 969 969
95000 970 970 970
96000 972 972 972
97000 943 962 967
98000 972 972 972
99000 969 970 970
100000 971 971 971
101000 969 969 970
102000 966 966 966
103000 948 948 948
104000 972 972 972
105000 970 970 971
106000 969 969 969
107000 970 970 970
108000 966 966 967
109000 971 971 971
110000 970 970 971
111000 945 946 946
112000 970 970 970
113000 967 967 968
114000 971 972 972
115000 971 971 971
116000 971 971 972
117000 971 971 971
118000 969 969 970
119000 969 969 969
120000 971 971 971
121000 971 971 972
122000 972 972 972
123000 971 972 972
124000 971 971 971
125000 972 972 972
126000 970 970 970
127000 971 971 971
128000 972 972 972
129000 971 971 971
130000 971 971 972
131000 970 970 970
132000 971 971 971
133000 971 971 971
134000 970 970 970
135000 971 971 971
136000 971 971 971
137000 972 972 972
138000 970 970 970
139000 971 971 971
140000 972 972 972
141000 972 972 972
142000 971 971 971
143000 968 968 969
144000 971 972 972
145000 971 971 971
146000 971 971 971
147000 969 969 969
148000 968 968 968
149000 971 971 971
150000 972 972 972
151000 972 972 972
152000 971 971 971
153000 972 972 972
154000 972 972 972
155000 970 970 970
156000 971 972 972
157000 972 972 972
158000 972 972 972
159000 972 972 972
160000 972 972 972
161000 971 971 971
162000 971 971 971
163000 971 971 971
164000 969 969 969
165000 971 971 972
166000 971 971 971
167000 944 944 945
168000 971 971 971
169000 970 970 970
170000 971 971 971
171000 972 972 972
172000 972 972 972
173000 972 972 972
174000 972 972 972
175000 971 971 971
176000 972 972 972
177000 971 972 972
178000 971 971 971
179000 970 970 970
180000 973 973 973
181000 970 970 970
182000 972 972 972
183000 965 965 965
184000 971 971 971
185000 971 971 972
186000 972 972 972
187000 972 972 972
188000 964 964 964
189000 971 971 971
190000 972 972 972
191000 970 970 970
192000 972 972 972
193000 971 971 971
194000 971 971 971
195000 972 972 972
196000 970 971 971
197000 972 972 972
198000 972 972 972
199000 970 970 970
200000 970 970 970
201000 971 972 972
202000 972 972 972
203000 971 971 971
204000 972 972 972
205000 972 972 973
206000 972 972 972
207000 964 964 964
208000 971 971 971
209000 972 972 972
210000 970 970 971
211000 971 972 972
212000 972 972 972
213000 972 972 972
214000 970 970 970
215000 972 972 972
216000 972 972 972
217000 972 972 972
218000 971 971 971
219000 972 972 972
220000 971 971 971
221000 971 971 972
222000 971 971 971
223000 971 971 971
224000 972 972 972
225000 971 972 972
226000 972 972 972
227000 972 972 972
228000 972 972 972
229000 972 972 972
230000 970 970 970
231000 970 970 971
232000 972 972 972
233000 971 972 972
234000 972 972 972
235000 970 970 970
236000 972 972 972
237000 972 972 972
238000 972 972 972
239000 953 953 953
240000 971 971 972
241000 971 971 971
242000 971 971 971
243000 970 970 970
244000 971 971 971
245000 972 972 972
246000 971 971 971
247000 972 972 972
248000 970 970 971
249000 971 971 971
250000 971 971 971
251000 968 969 969
252000 972 972 972
253000 971 972 972
254000 971 971 971
255000 972 972 972
256000 972 972 972
257000 972 972 972
258000 972 972 972
259000 971 971 971
260000 972 972 972
261000 972 972 972
262000 971 972 972
263000 972 972 972
264000 972 972 972
265000 972 972 972
266000 971 971 971
267000 971 972 972
268000 971 971 972
269000 972 972 972
270000 972 973 973
271000 972 973 973
272000 971 972 972
273000 972 972 972
274000 971 971 971
275000 970 970 970
276000 972 972 972
277000 971 971 972
278000 969 970 970
279000 959 959 960
280000 947 947 948
281000 971 971 971
282000 968 969 969
283000 970 971 971
284000 960 960 960
285000 971 971 971
286000 971 971 971
287000 972 972 972
288000 972 972 972
289000 971 971 971
290000 970 970 970
291000 972 972 972
292000 971 972 972
293000 971 971 971
294000 970 970 970
295000 972 972 972
296000 971 971 971
297000 972 972 972
298000 971 971 971
299000 972 972 972
300000 971 971 972
