1000 0 0 0
2000 0 0 0
3000 0 0 0
4000 1 1 2
5000 34 86 95
6000 142 256 308
7000 10 10 11
8000 223 223 225
9000 227 227 229
10000 215 216 217
11000 204 206 208
12000 203 203 204
13000 215 215 216
14000 226 255 276
15000 202 203 206
16000 232 234 238
17000 349 350 350
18000 304 305 306
19000 560 561 561
20000 416 421 425
21000 644 644 644
22000 759 759 759
23000 952 952 952
24000 939 939 939
25000 968 968 969
26000 946 946 946
27000 959 959 959
28000 948 948 948
29000 547 547 548
30000 463 464 466
31000 500 500 501
32000 464 464 464
33000 521 521 522
34000 580 581 581
35000 612 619 629
36000 934 934 934
37000 957 958 958
38000 962 962 962
39000 960 960 961
40000 958 958 958
41000 961 961 962
42000 960 960 960
43000 966 966 966
44000 965 966 966
45000 965 965 965
46000 962 962 963
47000 946 946 947
48000 966 966 966
49000 961 961 961
50000 964 964 964
51000 945 945 945
52000 957 957 957
53000 960 960 960
54000 958 959 959
55000 961 961 961
56000 936 936 936
57000 930 930 930
58000 470 472 477
59000 500 504 506
60000 939 939 939
61000 963 963 964
62000 967 968 968
63000 969 969 969
64000 967 967 967
65000 971 971 971
66000 965 965 965
67000 969 969 969
68000 964 965 965
69000 939 940 940
70000 967 967 967
71000 961 962 963
72000 967 968 968
73000 966 966 966
74000 966 966 967
75000 972 972 972
76000 968 968 969
77000 968 968 968
78000 965 965 965
79000 965 965 965
80000 948 948 948
81000 959 959 959
82000 952 952 953
83000 968 968 968
84000 969 969 969
85000 966 966 966
86000 970 970 970
87000 971 971 971
88000 971 972 972
89000 964 965 965
90000 965 965 965
91000 970 970 970
92000 970 970 970
93000 966 966 966
94000 968 968 969
95000 967 967 967
96000 968 968 968
97000 972 972 973
98000 964 964 964
99000 945 945 946
100000 966 966 966
101000 964 964 965
102000 969 969 969
103000 973 973 973
104000 970 970 970
105000 966 966 966
106000 971 971 971
107000 963 963 963
108000 972 972 972
109000 963 963 963
110000 964 964 964
111000 962 962 962
112000 966 966 966
113000 971 971 971
114000 972 972 972
115000 971 971 971
116000 966 966 966
117000 969 969 969
118000 965 965 965
119000 964 964 965
120000 967 967 967
121000 967 967 967
122000 970 971 971
123000 969 969 969
124000 969 969 969
125000 971 971 971
126000 969 969 969
127000 971 971 971
128000 970 971 971
129000 968 969 969
130000 967 968 968
131000 971 971 971
132000 967 967 967
133000 966 966 967
134000 958 958 959
135000 967 967 967
136000 968 968 968
137000 970 970 970
138000 968 968 968
139000 971 972 972
140000 964 964 964
141000 963 963 963
142000 967 967 967
143000 969 969 969
144000 966 966 966
145000 969 969 969
146000 962 962 962
147000 964 964 964
148000 967 967 967
149000 970 971 971
150000 957 957 957
151000 967 967 967
152000 964 964 964
153000 967 967 967
154000 969 969 969
155000 966 966 966
156000 972 972 972
157000 971 971 971
158000 968 969 969
159000 966 966 966
160000 967 967 967
161000 969 969 969
162000 966 966 966
163000 970 970 971
164000 971 971 971
165000 968 968 968
166000 970 970 970
167000 971 971 971
168000 967 967 967
169000 970 970 970
170000 969 969 969
171000 971 971 971
172000 971 971 971
173000 969 969 969
174000 970 970 970
175000 967 967 967
176000 969 969 969
177000 968 968 968
178000 971 971 971
179000 971 971 971
180000 964 964 964
181000 971 971 971
182000 965 965 965
183000 973 973 973
184000 972 972 972
185000 968 968 969
186000 971 971 971
187000 967 967 967
188000 964 964 964
189000 972 972 972
190000 972 972 972
191000 966 966 966
192000 967 967 967
193000 973 973 973
194000 972 972 972
195000 972 972 972
196000 967 967 967
197000 966 966 966
198000 963 963 963
199000 973 973 973
200000 972 972 972
201000 963 963 963
202000 967 967 967
203000 968 968 968
204000 969 969 969
205000 972 972 972
206000 971 971 971
207000 972 972 972
208000 970 970 970
209000 962 962 962
210000 970 970 970
211000 972 972 972
212000 968 968 969
213000 967 967 967
214000 967 967 967
215000 966 967 967
216000 972 972 972
217000 973 973 973
218000 967 967 967
219000 968 968 968
220000 972 972 972
221000 969 969 969
222000 969 969 969
223000 966 966 966
224000 968 968 968
225000 970 970 970
226000 966 966 966
227000 969 969 970
228000 972 972 972
229000 967 967 968
230000 967 967 967
231000 966 966 966
232000 970 970 970
233000 972 972 972
234000 971 972 972
235000 972 972 972
236000 968 968 968
237000 965 965 965
238000 972 972 972
239000 973 973 973
240000 959 959 959
241000 972 972 972
242000 972 972 972
243000 969 970 973
244000 964 964 964
245000 966 966 966
246000 973 973 973
247000 972 972 972
248000 969 969 969
249000 963 963 963
250000 967 967 967
251000 965 965 965
252000 969 969 969
253000 968 968 968
254000 967 967 967
255000 972 972 972
256000 967 967 967
257000 966 966 966
258000 965 965 966
259000 970 970 970
260000 968 968 969
261000 968 968 968
262000 969 969 969
263000 967 967 967
264000 966 966 966
265000 966 967 967
266000 963 963 963
267000 963 963 963
268000 964 964 964
269000 967 967 967
270000 969 969 970
271000 964 964 964
272000 964 964 964
273000 963 963 963
274000 966 966 966
275000 968 968 968
276000 943 943 943
277000 968 969 969
278000 968 968 968
279000 970 970 970
280000 969 969 969
281000 951 951 952
282000 970 970 970
283000 971 971 971
284000 967 967 967
285000 967 967 967
286000 971 971 971
287000 968 968 968
288000 944 944 944
289000 866 869 871
290000 968 968 968
291000 965 965 965
292000 970 970 970
293000 966 966 966
294000 966 966 966
295000 971 971 971
296000 969 969 969
297000 965 965 965
298000 972 972 972
299000 962 962 962
300000 964 964 965
