1000 207 207 207
2000 3 3 3
3000 10 11 11
4000 19 20 21
5000 24 24 24
6000 206 207 207
7000 16 17 17
8000 203 203 203
9000 200 202 204
10000 206 207 208
11000 231 233 234
12000 211 211 211
13000 220 221 221
14000 220 220 221
15000 232 233 233
16000 441 446 450
17000 72 192 282
18000 254 256 260
19000 230 231 231
20000 230 459 534
21000 246 250 260
22000 505 507 510
23000 257 295 379
24000 374 376 378
25000 508 519 526
26000 358 470 643
27000 237 237 237
28000 231 232 232
29000 626 640 655
30000 612 614 616
31000 511 520 525
32000 559 569 576
33000 550 556 567
34000 224 225 226
35000 245 251 255
36000 619 634 636
37000 238 240 244
38000 284 442 739
39000 280 313 386
40000 928 942 948
41000 968 968 968
42000 949 959 969
43000 971 971 971
44000 970 970 970
45000 924 933 944
46000 906 947 962
47000 970 970 970
48000 972 972 972
49000 968 969 969
50000 938 938 939
51000 971 971 971
52000 971 971 971
53000 968 968 969
54000 969 969 969
55000 970 970 970
56000 971 971 971
57000 969 969 969
58000 971 971 971
59000 971 971 971
60000 969 969 970
61000 968 968 968
62000 969 970 970
63000 966 967 967
64000 972 972 972
65000 968 968 968
66000 968 968 968
67000 969 969 970
68000 968 968 968
69000 971 971 971
70000 970 971 971
71000 969 969 969
72000 970 970 972
73000 966 966 967
74000 970 970 970
75000 969 969 969
76000 970 971 971
77000 970 970 971
78000 969 969 970
79000 972 972 972
80000 971 971 971
81000 933 933 934
82000 971 971 971
83000 972 972 972
84000 971 971 971
85000 971 971 971
86000 971 971 971
87000 970 970 970
88000 0 0 0
89000 969 969 970
90000 973 973 973
91000 971 971 972
92000 971 971 972
93000 973 973 973
94000 972 972 972
95000 972 972 972
96000 951 951 952
97000 972 972 972
98000 973 973 973
99000 972 973 973
100000 971 972 972
101000 972 972 972
102000 967 968 968
103000 970 971 971
104000 972 972 972
105000 969 969 970
106000 969 969 969
107000 968 969 969
108000 970 970 970
109000 969 969 970
110000 967 967 968
111000 966 966 966
112000 968 968 968
113000 967 967 968
114000 969 969 969
115000 969 969 969
116000 968 968 968
117000 967 968 968
118000 970 971 971
119000 968 968 968
120000 969 969 969
121000 970 970 970
122000 969 969 969
123000 970 970 970
124000 965 965 965
125000 969 969 970
126000 969 969 970
127000 970 970 970
128000 969 969 969
129000 969 969 969
130000 969 969 969
131000 967 968 968
132000 971 971 971
133000 967 967 967
134000 969 969 969
135000 969 970 970
136000 967 967 968
137000 969 969 969
138000 969 969 969
139000 969 969 970
140000 968 968 968
141000 969 969 969
142000 970 970 970
143000 967 967 967
144000 968 968 969
145000 969 969 969
146000 969 969 969
147000 969 969 969
148000 970 970 970
149000 969 970 970
150000 970 970 970
151000 967 967 967
152000 967 967 967
153000 970 970 970
154000 968 968 968
155000 969 969 969
156000 965 966 966
157000 965 965 965
158000 969 969 969
159000 966 967 967
160000 968 968 969
161000 968 968 968
162000 969 969 969
163000 968 968 969
164000 968 968 968
165000 963 963 967
166000 965 965 965
167000 964 964 964
168000 964 964 964
169000 968 968 969
170000 969 969 969
171000 967 967 967
172000 972 972 972
173000 968 969 969
174000 969 969 969
175000 968 969 969
176000 970 970 970
177000 969 969 969
178000 968 968 968
179000 969 969 969
180000 968 968 968
181000 970 970 970
182000 970 970 970
183000 969 969 969
184000 969 969 970
185000 968 969 969
186000 972 972 972
187000 972 972 972
188000 970 970 970
189000 970 970 970
190000 968 969 969
191000 968 968 968
192000 971 971 971
193000 972 972 972
194000 964 964 964
195000 971 971 971
196000 966 966 966
197000 964 964 964
198000 970 970 970
199000 971 972 972
200000 970 970 970
201000 966 966 966
202000 971 971 971
203000 972 972 972
204000 970 970 970
205000 970 970 970
206000 970 970 970
207000 968 968 968
208000 968 968 968
209000 970 970 970
210000 970 970 970
211000 970 970 970
212000 969 969 969
213000 970 970 970
214000 964 964 964
215000 965 965 965
216000 966 966 966
217000 966 966 966
218000 968 968 968
219000 968 968 968
220000 968 968 968
221000 966 966 967
222000 971 971 971
223000 970 970 970
224000 972 972 972
225000 972 972 972
226000 971 971 971
227000 972 972 972
228000 971 971 971
229000 950 950 950
230000 970 971 971
231000 964 964 964
232000 954 954 954
233000 960 961 961
234000 971 971 971
235000 972 972 972
236000 970 971 971
237000 972 972 972
238000 962 963 963
239000 972 972 972
240000 971 971 971
241000 971 971 971
242000 971 971 972
243000 971 971 972
244000 970 970 970
245000 971 972 972
246000 971 971 971
247000 971 972 972
248000 972 972 972
249000 972 972 972
250000 972 972 972
251000 971 971 972
252000 971 971 971
253000 970 970 970
254000 972 972 972
255000 970 970 970
256000 971 971 971
257000 961 961 961
258000 958 962 970
259000 948 949 949
260000 947 947 947
261000 942 943 944
262000 972 972 972
263000 921 921 921
264000 934 934 934
265000 931 931 931
266000 916 916 916
267000 897 898 899
268000 931 932 932
269000 950 950 950
270000 957 958 958
271000 945 946 946
272000 972 972 972
273000 972 972 972
274000 972 972 973
275000 967 967 967
276000 971 971 971
277000 972 972 972
278000 971 971 971
279000 972 972 972
280000 967 967 967
281000 972 972 972
282000 972 972 972
283000 970 970 970
284000 972 972 972
285000 971 971 971
286000 971 971 972
287000 971 971 971
288000 960 960 960
289000 972 972 972
290000 972 972 972
291000 972 972 972
292000 972 972 972
293000 972 972 972
294000 971 971 971
295000 971 971 971
296000 972 972 972
297000 971 971 971
298000 972 972 972
299000 973 973 973
300000 972 972 972
