1000 1 2 2
2000 0 0 0
3000 0 0 0
4000 0 0 0
5000 11 13 16
6000 11 14 27
7000 30 34 45
8000 30 40 52
9000 361 367 377
10000 302 343 370
11000 343 354 366
12000 365 369 380
13000 516 632 800
14000 870 913 927
15000 271 275 280
16000 281 296 310
17000 318 337 347
18000 260 298 584
19000 256 257 257
20000 418 419 419
21000 930 930 930
22000 930 930 930
23000 460 695 928
24000 929 929 930
25000 951 951 951
26000 944 945 945
27000 951 951 951
28000 951 951 951
29000 951 951 952
30000 949 950 950
31000 950 950 950
32000 952 952 952
33000 950 950 951
34000 951 951 951
35000 950 950 950
36000 948 949 949
37000 973 973 973
38000 946 954 970
39000 972 973 974
40000 941 948 966
41000 951 952 953
42000 955 955 955
43000 953 953 953
44000 946 946 947
45000 954 954 954
46000 955 955 955
47000 946 946 946
48000 963 970 973
49000 21 863 962
50000 968 969 970
51000 971 972 972
52000 954 955 955
53000 954 954 955
54000 954 955 955
55000 973 973 974
56000 955 955 955
57000 970 972 974
58000 954 955 955
59000 973 973 974
60000 970 970 970
61000 13 14 15
62000 910 912 912
63000 946 947 948
64000 970 970 971
65000 967 967 968
66000 967 968 969
67000 949 950 950
68000 969 970 970
69000 972 972 972
70000 942 959 967
71000 971 971 971
72000 972 972 972
73000 962 965 967
74000 971 971 972
75000 967 968 969
76000 972 972 973
77000 969 969 969
78000 970 971 971
79000 969 969 970
80000 971 972 972
81000 968 968 968
82000 968 969 969
83000 968 968 969
84000 965 967 968
85000 968 969 969
86000 967 967 968
87000 969 969 969
88000 967 968 968
89000 945 947 951
90000 969 969 969
91000 971 971 972
92000 970 970 971
93000 970 970 971
94000 971 971 971
95000 969 970 971
96000 970 970 970
97000 970 970 970
98000 971 971 971
99000 966 966 966
100000 968 968 968
101000 967 968 969
102000 968 968 968
103000 966 966 966
104000 967 967 968
105000 971 971 972
106000 945 945 945
107000 971 971 971
108000 969 969 970
109000 971 971 971
110000 970 970 970
111000 968 969 969
112000 971 971 971
113000 971 971 971
114000 969 969 969
115000 971 971 972
116000 971 971 972
117000 972 972 972
118000 971 971 971
119000 969 969 970
120000 969 970 970
121000 968 968 969
122000 972 972 972
123000 972 972 972
124000 967 967 968
125000 967 968 970
126000 971 971 972
127000 966 966 967
128000 967 970 971
129000 16 674 966
130000 971 971 972
131000 969 969 970
132000 967 968 969
133000 971 971 972
134000 969 969 969
135000 972 972 972
136000 972 972 972
137000 970 971 971
138000 970 970 970
139000 968 968 968
140000 969 969 969
141000 972 972 972
142000 969 970 970
143000 967 968 968
144000 970 970 970
145000 972 972 973
146000 970 970 970
147000 971 972 972
148000 972 972 972
149000 972 972 972
150000 970 971 971
151000 972 972 972
152000 972 972 972
153000 971 972 972
154000 972 972 972
155000 970 970 970
156000 972 972 972
157000 972 972 972
158000 970 970 970
159000 972 972 972
160000 972 972 972
161000 29 770 964
162000 973 973 973
163000 972 972 972
164000 971 971 972
165000 971 971 971
166000 970 970 971
167000 970 970 971
168000 967 967 968
169000 972 972 972
170000 972 972 972
171000 972 972 972
172000 972 972 972
173000 970 970 971
174000 971 971 972
175000 969 969 970
176000 968 968 969
177000 969 969 970
178000 966 967 967
179000 969 969 970
180000 972 972 972
181000 972 972 973
182000 972 972 972
183000 969 969 969
184000 972 972 972
185000 969 969 969
186000 970 971 971
187000 970 971 971
188000 967 968 968
189000 942 944 945
190000 970 970 971
191000 969 969 970
192000 970 970 970
193000 971 972 972
194000 972 972 972
195000 971 971 971
196000 971 971 971
197000 972 972 972
198000 970 971 971
199000 971 971 972
200000 970 970 970
201000 969 969 969
202000 971 971 971
203000 970 970 971
204000 970 970 970
205000 968 969 969
206000 970 970 970
207000 971 971 972
208000 971 971 971
209000 970 970 970
210000 971 971 971
211000 970 970 970
212000 972 972 972
213000 969 969 969
214000 971 971 971
215000 972 972 972
216000 971 971 971
217000 971 971 971
218000 968 969 969
219000 968 968 968
220000 970 970 970
221000 971 971 971
222000 969 969 969
223000 970 971 971
224000 970 970 970
225000 969 970 970
226000 970 971 971
227000 972 972 972
228000 971 971 971
229000 971 972 972
230000 971 971 971
231000 970 970 970
232000 970 970 970
233000 970 970 970
234000 971 971 971
235000 971 971 971
236000 971 971 971
237000 971 972 972
238000 972 972 972
239000 972 972 972
240000 971 971 971
241000 969 969 969
242000 972 972 972
243000 971 972 972
244000 970 970 970
245000 972 972 972
246000 971 972 972
247000 970 970 970
248000 971 971 971
249000 969 969 969
250000 970 970 970
251000 971 971 972
252000 972 972 972
253000 970 970 971
254000 969 969 969
255000 970 970 970
256000 971 971 971
257000 970 970 970
258000 971 971 971
259000 971 971 971
260000 971 971 971
261000 971 971 971
262000 971 971 971
263000 971 971 971
264000 971 971 971
265000 971 971 971
266000 972 972 972
267000 972 972 972
268000 972 972 972
269000 971 971 971
270000 970 971 971
271000 971 971 971
272000 971 971 971
273000 971 971 971
274000 971 971 971
275000 971 971 971
276000 972 972 972
277000 971 971 971
278000 973 973 973
279000 971 971 971
280000 971 971 971
281000 972 972 972
282000 971 971 972
283000 970 970 971
284000 971 971 972
285000 971 971 971
286000 950 952 953
287000 954 959 970
288000 947 948 948
289000 958 959 960
290000 956 957 958
291000 958 959 959
292000 972 972 972
293000 964 969 970
294000 964 966 968
295000 954 958 960
296000 966 966 967
297000 964 965 965
298000 964 964 965
299000 968 968 969
300000 970 970 971
