271 0
511 0
812 0
1026 0
1106 0
1186 0
1266 0
1346 0
1426 0
1506 0
1586 0
1666 0
1746 0
1826 0
1957 2
2140 1
2334 2
2623 2
3192 219
11545 933
19573 908
29573 930
39573 975
49573 949
59573 978
69573 964
79573 965
89573 975
99573 971
109573 969
119573 974
129573 974
139573 975
149573 977
159573 977
169573 978
179573 974
189573 975
199573 974
208585 976
218585 978
228585 978
238585 978
248585 976
258585 978
268585 975
278585 978
288585 978
298585 978
308585 977
318585 978
328585 978
338585 979
348585 978
