1000 9 49 211
2000 0 83 208
3000 9 9 9
4000 357 361 365
5000 10 12 13
6000 307 320 347
7000 386 387 390
8000 0 0 0
9000 0 0 0
10000 928 929 929
11000 311 312 312
12000 940 943 944
13000 21 548 892
14000 393 400 403
15000 333 336 337
16000 914 915 917
17000 924 926 928
18000 948 949 949
19000 950 950 951
20000 953 954 954
21000 954 954 954
22000 952 952 952
23000 949 949 949
24000 953 953 954
25000 953 954 954
26000 970 971 971
27000 947 947 948
28000 942 943 943
29000 971 971 971
30000 971 971 971
31000 971 971 971
32000 930 930 930
33000 971 972 972
34000 951 958 971
35000 970 970 970
36000 951 951 951
37000 970 971 971
38000 967 967 968
39000 958 959 959
40000 943 944 945
41000 960 961 962
42000 948 949 949
43000 961 961 961
44000 957 957 957
45000 965 965 965
46000 963 963 963
47000 964 964 964
48000 962 962 962
49000 960 961 961
50000 962 963 963
51000 967 968 968
52000 958 958 959
53000 963 963 963
54000 943 944 944
55000 946 951 957
56000 938 939 940
57000 961 962 963
58000 941 942 942
59000 963 963 963
60000 964 964 964
61000 968 968 968
62000 963 963 963
63000 966 966 966
64000 965 965 965
65000 960 961 961
66000 962 962 962
67000 961 962 962
68000 961 961 961
69000 970 970 970
70000 951 954 958
71000 961 961 962
72000 948 950 953
73000 968 968 968
74000 936 936 936
75000 969 969 969
76000 970 970 970
77000 966 966 966
78000 964 965 965
79000 962 963 963
80000 963 963 963
81000 970 970 970
82000 962 962 962
83000 971 971 972
84000 971 971 971
85000 954 954 954
86000 971 971 971
87000 934 934 934
88000 966 966 966
89000 966 966 966
90000 971 971 971
91000 970 971 971
92000 971 971 971
93000 970 971 971
94000 924 924 925
95000 958 965 967
96000 971 971 971
97000 970 970 970
98000 971 971 971
99000 971 971 971
100000 971 971 971
101000 971 971 971
102000 970 970 971
103000 971 971 971
104000 970 971 971
105000 971 971 971
106000 971 971 971
107000 971 972 972
108000 971 971 971
109000 971 971 971
110000 970 970 970
111000 971 971 971
112000 971 971 971
113000 972 972 972
114000 971 971 971
115000 971 971 972
116000 971 971 971
117000 970 970 970
118000 971 972 972
119000 971 971 971
120000 971 971 971
121000 971 971 971
122000 972 972 972
123000 971 971 972
124000 971 971 971
125000 971 972 972
126000 972 972 972
127000 972 972 972
128000 972 972 972
129000 972 972 973
130000 972 972 972
131000 972 972 972
132000 971 971 971
133000 972 972 972
134000 972 972 972
135000 972 972 972
136000 973 973 973
137000 972 972 972
138000 972 972 972
139000 972 972 972
140000 971 971 971
141000 972 972 973
142000 971 971 971
143000 972 972 972
144000 971 971 972
145000 971 971 971
146000 972 972 972
147000 971 972 972
148000 972 972 972
149000 972 972 972
150000 971 971 971
151000 972 972 972
152000 972 972 972
153000 972 972 972
154000 972 972 972
155000 972 972 972
156000 972 972 972
157000 971 971 971
158000 972 972 972
159000 972 972 972
160000 972 972 972
161000 972 972 972
162000 972 972 972
163000 972 972 972
164000 971 972 972
165000 969 969 970
166000 972 973 973
167000 972 972 972
168000 970 970 970
169000 971 971 971
170000 972 972 972
171000 973 973 973
172000 971 971 971
173000 969 969 969
174000 972 972 972
175000 971 971 971
176000 971 971 971
177000 972 972 972
178000 971 971 971
179000 971 971 971
180000 971 971 971
181000 970 970 970
182000 972 972 972
183000 971 971 971
184000 970 970 970
185000 971 971 971
186000 971 971 971
187000 971 971 971
188000 971 971 971
189000 969 969 969
190000 970 970 970
191000 971 971 971
192000 971 971 971
193000 971 971 971
194000 971 971 971
195000 971 971 971
196000 971 971 971
197000 971 971 971
198000 971 971 971
199000 969 970 970
200000 970 970 970
201000 972 972 972
202000 970 970 970
203000 970 970 970
204000 971 971 972
205000 972 972 972
206000 972 972 972
207000 971 971 971
208000 972 972 972
209000 972 972 972
210000 971 971 972
211000 972 972 972
212000 972 972 972
213000 971 971 971
214000 972 972 972
215000 970 970 970
216000 972 972 972
217000 971 971 972
218000 972 972 972
219000 973 973 973
220000 972 972 972
221000 972 972 972
222000 972 972 972
223000 972 972 972
224000 972 972 972
225000 971 971 971
226000 972 972 972
227000 972 972 972
228000 971 971 971
229000 971 971 971
230000 972 972 972
231000 972 972 972
232000 972 972 972
233000 972 972 972
234000 971 971 971
235000 972 972 972
236000 972 972 972
237000 972 972 972
238000 972 972 972
239000 973 973 973
240000 972 972 972
241000 972 973 973
242000 972 972 972
243000 972 972 972
244000 972 972 972
245000 971 971 971
246000 971 971 971
247000 972 972 972
248000 969 970 970
249000 972 972 972
250000 971 971 971
251000 972 972 972
252000 973 973 973
253000 969 969 970
254000 971 971 971
255000 972 972 972
256000 971 971 971
257000 972 972 972
258000 972 972 972
259000 972 972 972
260000 972 972 972
261000 972 972 972
262000 971 971 971
263000 971 971 971
264000 972 972 972
265000 972 972 972
266000 972 972 972
267000 971 971 971
268000 972 972 972
269000 972 972 972
270000 973 973 973
271000 972 972 972
272000 972 972 972
273000 972 972 972
274000 971 971 972
275000 971 971 972
276000 973 973 973
277000 972 973 973
278000 971 971 972
279000 973 973 973
280000 973 973 973
281000 971 971 972
282000 972 973 973
283000 973 973 973
284000 971 971 972
285000 970 970 970
286000 972 972 973
287000 972 972 972
288000 972 972 972
289000 972 972 972
290000 973 973 973
291000 973 973 973
292000 972 972 972
293000 973 973 973
294000 972 972 972
295000 972 972 972
296000 972 972 972
297000 971 971 971
298000 972 972 972
299000 973 973 973
300000 973 973 973
