10000 -669
20000 -284
30000 252
40000 739
50000 324
60000 2522
70000 3248
80000 4095
90000 4885
100000 4413
110000 5149
120000 5295
130000 5205
140000 5641
150000 5839
160000 5858
170000 6030
180000 6299
190000 6347
200000 6401
210000 6529
220000 6142
230000 6368
240000 6214
250000 6543
260000 6646
270000 6437
280000 6659
290000 6728
300000 6789
310000 6608
320000 6653
330000 6860
340000 6832
350000 6858
360000 6923
370000 7001
380000 7052
390000 6829
400000 6798
410000 6971
420000 6719
430000 7065
440000 7040
450000 7217
460000 6948
470000 7141
480000 7000
490000 6937
500000 7198
510000 6908
520000 7270
530000 7531
540000 7428
550000 7328
560000 7461
570000 7429
580000 7600
590000 7431
600000 7272
610000 7707
620000 7580
630000 7407
640000 7552
650000 7707
660000 7781
670000 7792
680000 7752
690000 7902
700000 7770
710000 7938
720000 8002
730000 7982
740000 8119
750000 7915
760000 7992
770000 8009
780000 8144
790000 8227
800000 8505
810000 8025
820000 8454
830000 8387
840000 8705
850000 8273
860000 8630
870000 8488
880000 8183
890000 8626
900000 8953
910000 8775
920000 8771
930000 9125
940000 8933
950000 8622
960000 8896
970000 9043
980000 9001
990000 9386
1000000 9362
