10000 -727
20000 -54
30000 335
40000 789
50000 1843
60000 2422
70000 3428
80000 3994
90000 4253
100000 4548
110000 4693
120000 4983
130000 5057
140000 5104
150000 5173
160000 5343
170000 5124
180000 5504
190000 5388
200000 5559
210000 5583
220000 5712
230000 5913
240000 6024
250000 6098
260000 6111
270000 6237
280000 6303
290000 6394
300000 6496
310000 6238
320000 6494
330000 6138
340000 6636
350000 6732
360000 6587
370000 6823
380000 6630
390000 6764
400000 6989
410000 6933
420000 6970
430000 7095
440000 7103
450000 7100
460000 7044
470000 7169
480000 7189
490000 7211
500000 7306
510000 7424
520000 7453
530000 7441
540000 7699
550000 7699
560000 7684
570000 7672
580000 7674
590000 7545
600000 7860
610000 7745
620000 7926
630000 8010
640000 8062
650000 8023
660000 8033
670000 8077
680000 8272
690000 8118
700000 8281
710000 8332
720000 8301
730000 8326
740000 8395
750000 8456
760000 8324
770000 8461
780000 8453
790000 8514
800000 8438
810000 8474
820000 8454
830000 8537
840000 8659
850000 8634
860000 8727
870000 8707
880000 8674
890000 8800
900000 8694
910000 8828
920000 8717
930000 8879
940000 8826
950000 8824
960000 8813
970000 8881
980000 8948
990000 8894
1000000 8941
