10000 -461
20000 216
30000 936
40000 704
50000 2945
60000 2819
70000 3120
80000 4196
90000 4717
100000 4636
110000 5018
120000 5107
130000 5342
140000 5495
150000 5654
160000 5945
170000 6053
180000 6302
190000 6396
200000 6359
210000 6496
220000 6636
230000 6539
240000 6741
250000 6814
260000 6816
270000 6793
280000 7002
290000 6717
300000 7029
310000 6985
320000 7105
330000 7180
340000 7203
350000 7189
360000 7239
370000 7308
380000 7454
390000 7310
400000 7438
410000 7508
420000 7457
430000 7461
440000 7568
450000 7647
460000 7701
470000 7635
480000 7838
490000 7917
500000 7877
510000 8005
520000 7967
530000 8038
540000 7971
550000 7964
560000 8134
570000 8265
580000 8121
590000 8318
600000 8332
610000 8373
620000 8437
630000 8273
640000 8377
650000 8377
660000 8335
670000 8611
680000 8568
690000 8459
700000 8613
710000 8690
720000 8677
730000 8764
740000 8734
750000 8717
760000 8759
770000 8818
780000 8965
790000 8854
800000 9032
810000 8894
820000 9048
830000 9004
840000 8973
850000 9027
860000 9086
870000 9121
880000 9172
890000 9300
900000 9278
910000 9190
920000 9301
930000 9256
940000 9377
950000 9517
960000 9545
970000 9492
980000 9526
990000 9464
1000000 9469
