10000 -255
20000 471
30000 1358
40000 2242
50000 2733
60000 3321
70000 3548
80000 4038
90000 4259
100000 4463
110000 4530
120000 4862
130000 4992
140000 5156
150000 5271
160000 5447
170000 5709
180000 6111
190000 6093
200000 5752
210000 6360
220000 6833
230000 6665
240000 6711
250000 7134
260000 7238
270000 7262
280000 7580
290000 7593
300000 7886
310000 7891
320000 7985
330000 7750
340000 8263
350000 8394
360000 8259
370000 8446
380000 8488
390000 8527
400000 8545
410000 8750
420000 8620
430000 8895
440000 8944
450000 8777
460000 9089
470000 8759
480000 9062
490000 8986
500000 9066
510000 9047
520000 9184
530000 9210
540000 9248
550000 9312
560000 9216
570000 9290
580000 9471
590000 9415
600000 9321
610000 9568
620000 9659
630000 9680
640000 9771
650000 9530
660000 9478
670000 9833
680000 9816
690000 9690
700000 9831
710000 9910
720000 9957
730000 10075
740000 10070
750000 10114
760000 10156
770000 10195
780000 10348
790000 10324
800000 10298
810000 9917
820000 10405
830000 10266
840000 10307
850000 10369
860000 10380
870000 10414
880000 10539
890000 10538
900000 10479
910000 10642
920000 10516
930000 10604
940000 10635
950000 10663
960000 10550
970000 10539
980000 10579
990000 10583
1000000 10666
